009663
025988
160105
160106
160107
160119
160120
160127
160133
160135
160137
160142
160211
160212
160215
160220
160221
160222
160223
160311
160314
160322
160323
160324
160416
160505
160512
160527
160607
160610
160611
160613
160615
160616
160620
160625
160626
160628
160629
160630
160631
160633
160634
160635
160636
160637
160638
160639
160642
160643
160646
160716
160722
160805
160806
160807
160812
160813
160910
160916
160918
160919
160921
160925
161005
161006
161017
161021
161024
161025
161026
161027
161028
161029
161030
161031
161032
161033
161036
161037
161038
161039
161118
161119
161121
161122
161123
161131
161217
161218
161219
161220
161222
161224
161225
161226
161232
161607
161610
161628
161631
161657
161660
161706
161707
161715
161720
161722
161724
161725
161726
161727
161728
161729
161810
161812
161816
161834
161903
162006
162107
162207
162216
162307
162414
162509
162605
162606
162607
162703
163001
163109
163110
163111
163113
163114
163115
163116
163118
163209
163302
163402
163403
163407
163408
163409
163410
163412
163413
163415
163416
163417
163503
163801
164508
164606
164703
164905
164906
164908
165309
165310
165312
165313
165508
165511
165512
165515
165516
165519
165520
165521
165522
165523
165524
165525
165526
165528
165531
166006
166009
166011
166023
166107
166109
166802
167001
167002
167003
167302
167504
167506
167508
167702
168101
168102
168103
168104
168105
168203
168204
168301
168401
168701
169104
169105
501001
501005
501007
501009
501011
501015
501016
501017
501019
501021
501022
501025
501026
501028
501029
501030
501032
501036
501043
501047
501051
501057
501060
501062
501064
501071
501073
501075
501076
501077
501078
501079
501080
501081
501082
501083
501085
501087
501089
501091
501092
501095
501096
501097
501098
501099
501100
501186
501188
501189
501200
501201
501203
501206
501207
501208
501209
501219
501227
501301
501302
501303
502000
502003
502006
502010
502013
502023
502048
502053
502056